node_stack_bottom = 0.0, -0.03016, 0.0, 0.0, 0.0, 1.0, 0, 1
node_attach = 0.0, -0.03016, 0.0, 0.0, -0.25, 0.0, 1, 1

attachRules = 1,1,0,0,1
